1111111111
1111221111
1112112111
1112222111
1121111211
1121221211
1122112211
1122222211
1211111121
1211221121
1212112121
1212222121
1221111221
1221221221
1222112221
1222222221
2111111112
2111221112
2112112112
2112222112
2121111212
2121221212
2122112212
2122222212
2211111122
2211221122
2212112122
2212222122
2221111222
2221221222
2222112222
2222222222
3311111111
3311122111
3311211211
3311222211
3312111121
3312122121
3312211221
3312222221
3321111112
3321122112
3321211212
3321222212
3322111122
3322122122
3322211222
3322222222
3333111111
3333112211
3333121121
3333122221
3333211112
3333212212
3333221122
3333222222
3333331111
3333331221
3333332112
3333332222
3333333311
3333333322
3333333333
3333443333
3334334333
3334433311
3334433322
3334444333
3343333433
3343343311
3343343322
3343443433
3344331111
3344331221
3344332112
3344332222
3344334433
3344443311
3344443322
3344444433
3433333343
3433334311
3433334322
3433431111
3433431221
3433432112
3433432222
3433443343
3434334343
3434434311
3434434322
3434444343
3443111111
3443112211
3443121121
3443122221
3443211112
3443212212
3443221122
3443222222
3443333443
3443344311
3443344322
3443443443
3444334443
3444431111
3444431221
3444432112
3444432222
3444444311
3444444322
3444444443
4333333334
4333333411
4333333422
4333341111
4333341221
4333342112
4333342222
4333443334
4334111111
4334112211
4334121121
4334122221
4334211112
4334212212
4334221122
4334222222
4334334334
4334433411
4334433422
4334444334
4343333434
4343343411
4343343422
4343443434
4344334434
4344341111
4344341221
4344342112
4344342222
4344443411
4344443422
4344444434
4411111111
4411122111
4411211211
4411222211
4412111121
4412122121
4412211221
4412222221
4421111112
4421122112
4421211212
4421222212
4422111122
4422122122
4422211222
4422222222
4433333344
4433334411
4433334422
4433441111
4433441221
4433442112
4433442222
4433443344
4434334344
4434434411
4434434422
4434444344
4443333444
4443344411
4443344422
4443443444
4444111111
4444112211
4444121121
4444122221
4444211112
4444212212
4444221122
4444222222
4444334444
4444441111
4444441221
4444442112
4444442222
4444444411
4444444422
4444444444
